EXP2 results

python3 src/run.py --mode scoring  --x_dim 8 --y_dim 5 \
--checkpoint_path /home/piotr/outpusNEW/EXP2_TRANS1_RESULTS/run_20260903T112917_FULL_EVAL_TRANS1_CVRP10/epoch-99.pt \
--genome "[None, (1, 0), (1, 1), (1, 2), (1, 3), (1, 4), (1, 5), (1, 6), (1, 7), (1, 0), (1, 9), (1, 10), (1, 19), (1, 12), (1, 13), (1, 14), (1, 15), (4, 0), (5, (9, 17)), (2, 18), (3, 19, 1), (7, 20), (3, 21, -1), (5, (14, 22)), (2, 23), (1, 0), (1, 25), (1, 26), (1, 27), (1, 28), (1, 29), (1, 30), (1, 31), (1, 0), (1, 33), (1, 34), (1, 35), (1, 36), (1, 37), (1, 38), (1, 39), (5, 24)]" \
--test_set_path /home/piotr/repos/magisterka/data/dataset_10CVRP_seed_2323.pt  --run_name SCORE-TRANS1-CVRP10


python3 src/run.py --mode evaluate  --x_dim 8 --y_dim 5 \
--checkpoint_path /home/piotr/outpusNEW/EXP2_RESULTS/run_20260827T200117_EXP2_CGP3_CVRP10/epoch-99.pt \
--genome "[None, (5, 0), (1, 17), (7, 18), (5, 27), (7, 20), (1, 21), (5, 22), (7, 7), (4, 0), (3, 33, 1), (4, 2), (6, 19), (1, 4), (7, 5), (2, 38), (6, 15), (2, 0), (5, (1, 9)), (5, 26), (3, 3, 1), (1, 12), (3, 5, -1), (4, 30), (2, 7), (7, 0), (6, 25), (3, 34, -1), (2, 35), (1, 28), (2, 21), (7, 38), (7, 23), (2, 0), (7, 25), (1, 34), (5, 3), (4, 28), (4, 13), (2, 30), (7, 23), (5, 24)]" \
--test_set_path /home/piotr/repos/magisterka/data/dataset_10CVRP_seed_2323.pt  --run_name SCORE-EVO3-CVRP10

python3 src/run.py --mode evaluate  --x_dim 8 --y_dim 5 \
--checkpoint_path /home/piotr/outpusNEW/EXP2_RESULTS/run_20260828T001143_EXP2_CGP4_CVRP10/epoch-99.pt \
--genome "[None, (5, 0), (3, 1, 1), (1, 2), (6, 19), (5, 36), (4, 5), (3, 14, 0), (1, 39), (1, 0), (3, 1, 1), (7, 2), (2, 35), (2, 12), (7, 13), (6, 14), (7, 7), (3, 0, 0), (2, 9), (4, 18), (1, 19), (6, 20), (6, 37), (2, 38), (7, 15), (5, 0), (3, 9, 0), (7, 34), (7, 27), (1, 28), (6, 37), (4, 6), (3, 7, -1), (1, 0), (2, 25), (6, 34), (4, 3), (3, 28, -1), (2, 21), (2, 38), (5, 39), (5, (40, 24))]" \
--test_set_path /home/piotr/repos/magisterka/data/dataset_10CVRP_seed_2323.pt  --run_name SCORE-EVO4-CVRP10


python3 src/run.py --mode evaluate  --x_dim 8 --y_dim 5 \
--checkpoint_path /home/piotr/outpusNEW/EXP2_RESULTS/run_20260828T042306_EXP2_CGP6_CVRP10/epoch-99.pt \
--genome "[None, (2, 0), (5, (33, 25)), (5, 18), (6, 19), (5, 36), (2, 5), (1, 6), (3, 7, 0), (2, 0), (4, 17), (7, 18), (3, 27, -1), (5, 36), (7, 13), (7, 6), (3, 15, 0), (4, 0), (5, (9, 17)), (5, 18), (3, 19, 1), (7, 20), (3, 21, -1), (5, (14, 22)), (2, 23), (1, 0), (4, 17), (2, 26), (3, 27, -1), (1, 20), (7, 29), (1, 38), (6, 15), (3, 0, 1), (3, 25, 0), (7, 26), (1, 35), (2, 28), (6, 5), (2, 6), (6, 23), (5, (24, 16))]" \
--test_set_path /home/piotr/repos/magisterka/data/dataset_10CVRP_seed_2323.pt  --run_name SCORE-EVO6-CVRP10


//CVRP20

python3 src/run.py --mode evaluate  --x_dim 8 --y_dim 5 \
--checkpoint_path /home/piotr/outpusNEW/EXP2_RESULTS/run_20260822T190159_TRANS1_CVRP20/epoch-99.pt \
--genome "[None, (1, 0), (1, 1), (1, 2), (1, 3), (1, 4), (1, 5), (1, 6), (1, 7), (1, 0), (1, 9), (1, 10), (1, 19), (1, 12), (1, 13), (1, 14), (1, 15), (4, 0), (5, (9, 17)), (2, 18), (3, 19, 1), (7, 20), (3, 21, -1), (5, (14, 22)), (2, 23), (1, 0), (1, 25), (1, 26), (1, 27), (1, 28), (1, 29), (1, 30), (1, 31), (1, 0), (1, 33), (1, 34), (1, 35), (1, 36), (1, 37), (1, 38), (1, 39), (5, 24)]" \
--test_set_path /home/piotr/repos/magisterka/data/dataset_20CVRP_seed_2323.pt  --run_name SCORE-TRANS1-CVRP10

python3 src/run.py --mode evaluate  --x_dim 8 --y_dim 5 \
--checkpoint_path /home/piotr/outpusNEW/EXP2_RESULTS/run_20260828T084448_EXP2_CGP3_CVRP20/epoch-99.pt \
--genome "[None, (5, 0), (1, 17), (7, 18), (5, 27), (7, 20), (1, 21), (5, 22), (7, 7), (4, 0), (3, 33, 1), (4, 2), (6, 19), (1, 4), (7, 5), (2, 38), (6, 15), (2, 0), (5, (1, 9)), (5, 26), (3, 3, 1), (1, 12), (3, 5, -1), (4, 30), (2, 7), (7, 0), (6, 25), (3, 34, -1), (2, 35), (1, 28), (2, 21), (7, 38), (7, 23), (2, 0), (7, 25), (1, 34), (5, 3), (4, 28), (4, 13), (2, 30), (7, 23), (5, 24)]" \
--test_set_path /home/piotr/repos/magisterka/data/dataset_20CVRP_seed_2323.pt  --run_name SCORE-EVO3-CVRP20

python3 src/run.py --mode evaluate  --x_dim 8 --y_dim 5 \
--checkpoint_path /home/piotr/outpusNEW/EXP2_RESULTS/run_20260828T150456_EXP2_CGP4_CVRP20/epoch-99.pt \
--genome "[None, (5, 0), (3, 1, 1), (1, 2), (6, 19), (5, 36), (4, 5), (3, 14, 0), (1, 39), (1, 0), (3, 1, 1), (7, 2), (2, 35), (2, 12), (7, 13), (6, 14), (7, 7), (3, 0, 0), (2, 9), (4, 18), (1, 19), (6, 20), (6, 37), (2, 38), (7, 15), (5, 0), (3, 9, 0), (7, 34), (7, 27), (1, 28), (6, 37), (4, 6), (3, 7, -1), (1, 0), (2, 25), (6, 34), (4, 3), (3, 28, -1), (2, 21), (2, 38), (5, 39), (5, (40, 24))]" \
--test_set_path /home/piotr/repos/magisterka/data/dataset_20CVRP_seed_2323.pt  --run_name SCORE-EVO4-CVRP20


python3 src/run.py --mode scoring  --x_dim 8 --y_dim 5 \
--checkpoint_path /home/piotr/outpusNEW/EXP2_RESULTS/run_20260828T212617_EXP2_CGP6_CVRP20/epoch-99.pt \
--genome "[None, (2, 0), (5, (33, 25)), (5, 18), (6, 19), (5, 36), (2, 5), (1, 6), (3, 7, 0), (2, 0), (4, 17), (7, 18), (3, 27, -1), (5, 36), (7, 13), (7, 6), (3, 15, 0), (4, 0), (5, (9, 17)), (5, 18), (3, 19, 1), (7, 20), (3, 21, -1), (5, (14, 22)), (2, 23), (1, 0), (4, 17), (2, 26), (3, 27, -1), (1, 20), (7, 29), (1, 38), (6, 15), (3, 0, 1), (3, 25, 0), (7, 26), (1, 35), (2, 28), (6, 5), (2, 6), (6, 23), (5, (24, 16))]" \
--test_set_path /home/piotr/repos/magisterka/data/dataset_20CVRP_seed_2323.pt  --run_name SCORE-EVO6-CVRP20


//CVRP50

python3 src/run.py --mode scoring  --x_dim 8 --y_dim 5 \
--checkpoint_path /home/piotr/outpusNEW/EXP2_RESULTS/run_20260823T002956_TRANS1_CVRP50/epoch-99.pt \
--genome "[None, (1, 0), (1, 1), (1, 2), (1, 3), (1, 4), (1, 5), (1, 6), (1, 7), (1, 0), (1, 9), (1, 10), (1, 19), (1, 12), (1, 13), (1, 14), (1, 15), (4, 0), (5, (9, 17)), (2, 18), (3, 19, 1), (7, 20), (3, 21, -1), (5, (14, 22)), (2, 23), (1, 0), (1, 25), (1, 26), (1, 27), (1, 28), (1, 29), (1, 30), (1, 31), (1, 0), (1, 33), (1, 34), (1, 35), (1, 36), (1, 37), (1, 38), (1, 39), (5, 24)]" \
--test_set_path /home/piotr/repos/magisterka/data/dataset_50CVRP_seed_2323.pt  --run_name SCORE-TRANS1-CVRP50

python3 src/run.py --mode scoring  --x_dim 8 --y_dim 5 \
--checkpoint_path /home/piotr/outpusNEW/EXP2_RESULTS/run_20260829T040000_EXP2_CGP3_CVRP50/epoch-99.pt \
--genome "[None, (5, 0), (1, 17), (7, 18), (5, 27), (7, 20), (1, 21), (5, 22), (7, 7), (4, 0), (3, 33, 1), (4, 2), (6, 19), (1, 4), (7, 5), (2, 38), (6, 15), (2, 0), (5, (1, 9)), (5, 26), (3, 3, 1), (1, 12), (3, 5, -1), (4, 30), (2, 7), (7, 0), (6, 25), (3, 34, -1), (2, 35), (1, 28), (2, 21), (7, 38), (7, 23), (2, 0), (7, 25), (1, 34), (5, 3), (4, 28), (4, 13), (2, 30), (7, 23), (5, 24)]" \
--test_set_path /home/piotr/repos/magisterka/data/dataset_50CVRP_seed_2323.pt  --run_name SCORE-EVO3-CVRP50

python3 src/run.py --mode scoring  --x_dim 8 --y_dim 5 \
--checkpoint_path /home/piotr/outpusNEW/EXP2_RESULTS/run_20260829T171610_EXP2_CGP4_CVRP50/epoch-99.pt \
--genome "[None, (5, 0), (3, 1, 1), (1, 2), (6, 19), (5, 36), (4, 5), (3, 14, 0), (1, 39), (1, 0), (3, 1, 1), (7, 2), (2, 35), (2, 12), (7, 13), (6, 14), (7, 7), (3, 0, 0), (2, 9), (4, 18), (1, 19), (6, 20), (6, 37), (2, 38), (7, 15), (5, 0), (3, 9, 0), (7, 34), (7, 27), (1, 28), (6, 37), (4, 6), (3, 7, -1), (1, 0), (2, 25), (6, 34), (4, 3), (3, 28, -1), (2, 21), (2, 38), (5, 39), (5, (40, 24))]" \
--test_set_path /home/piotr/repos/magisterka/data/dataset_50CVRP_seed_2323.pt  --run_name SCORE-EVO4-CVRP50

python3 src/run.py --mode scoring  --x_dim 8 --y_dim 5 \
--checkpoint_path /home/piotr/outpusNEW/EXP2_RESULTS/run_20260830T063259_EXP2_CGP6_CVRP50/epoch-99.pt \
--genome "[None, (2, 0), (5, (33, 25)), (5, 18), (6, 19), (5, 36), (2, 5), (1, 6), (3, 7, 0), (2, 0), (4, 17), (7, 18), (3, 27, -1), (5, 36), (7, 13), (7, 6), (3, 15, 0), (4, 0), (5, (9, 17)), (5, 18), (3, 19, 1), (7, 20), (3, 21, -1), (5, (14, 22)), (2, 23), (1, 0), (4, 17), (2, 26), (3, 27, -1), (1, 20), (7, 29), (1, 38), (6, 15), (3, 0, 1), (3, 25, 0), (7, 26), (1, 35), (2, 28), (6, 5), (2, 6), (6, 23), (5, (24, 16))]" \
--test_set_path /home/piotr/repos/magisterka/data/dataset_50CVRP_seed_2323.pt  --run_name SCORE-EVO6-CVRP50


//CVRP100

python3 src/run.py --mode scoring  --x_dim 8 --y_dim 5 \
--checkpoint_path /home/piotr/outpusNEW/EXP2_RESULTS/run_20260823T121758_TRANS1_CVRP100/epoch-99.pt \
--genome "[None, (1, 0), (1, 1), (1, 2), (1, 3), (1, 4), (1, 5), (1, 6), (1, 7), (1, 0), (1, 9), (1, 10), (1, 19), (1, 12), (1, 13), (1, 14), (1, 15), (4, 0), (5, (9, 17)), (2, 18), (3, 19, 1), (7, 20), (3, 21, -1), (5, (14, 22)), (2, 23), (1, 0), (1, 25), (1, 26), (1, 27), (1, 28), (1, 29), (1, 30), (1, 31), (1, 0), (1, 33), (1, 34), (1, 35), (1, 36), (1, 37), (1, 38), (1, 39), (5, 24)]" \
--test_set_path /home/piotr/repos/magisterka/data/dataset_100CVRP_seed_2323.pt  --run_name SCORE-TRANS1-CVRP100

python3 src/run.py --mode scoring  --x_dim 8 --y_dim 5 \
--checkpoint_path /home/piotr/outpusNEW/EXP2_RESULTS/run_20260827T200129_EXP2_CGP3_CVRP100/epoch-99.pt \
--genome "[None, (5, 0), (1, 17), (7, 18), (5, 27), (7, 20), (1, 21), (5, 22), (7, 7), (4, 0), (3, 33, 1), (4, 2), (6, 19), (1, 4), (7, 5), (2, 38), (6, 15), (2, 0), (5, (1, 9)), (5, 26), (3, 3, 1), (1, 12), (3, 5, -1), (4, 30), (2, 7), (7, 0), (6, 25), (3, 34, -1), (2, 35), (1, 28), (2, 21), (7, 38), (7, 23), (2, 0), (7, 25), (1, 34), (5, 3), (4, 28), (4, 13), (2, 30), (7, 23), (5, 24)]" \
--test_set_path /home/piotr/repos/magisterka/data/dataset_100CVRP_seed_2323.pt  --run_name SCORE-EVO3-CVRP100

python3 src/run.py --mode scoring  --x_dim 8 --y_dim 5 \
--checkpoint_path /home/piotr/outpusNEW/EXP2_RESULTS/run_20260828T204833_EXP2_CGP4_CVRP100/epoch-99.pt \
--genome "[None, (5, 0), (3, 1, 1), (1, 2), (6, 19), (5, 36), (4, 5), (3, 14, 0), (1, 39), (1, 0), (3, 1, 1), (7, 2), (2, 35), (2, 12), (7, 13), (6, 14), (7, 7), (3, 0, 0), (2, 9), (4, 18), (1, 19), (6, 20), (6, 37), (2, 38), (7, 15), (5, 0), (3, 9, 0), (7, 34), (7, 27), (1, 28), (6, 37), (4, 6), (3, 7, -1), (1, 0), (2, 25), (6, 34), (4, 3), (3, 28, -1), (2, 21), (2, 38), (5, 39), (5, (40, 24))]" \
--test_set_path /home/piotr/repos/magisterka/data/dataset_100CVRP_seed_2323.pt  --run_name SCORE-EVO4-CVRP100

python3 src/run.py --mode scoring  --x_dim 8 --y_dim 5 \
--checkpoint_path /home/piotr/outpusNEW/EXP2_RESULTS/run_20260829T214731_EXP2_CGP6_CVRP100/epoch-99.pt \
--genome "[None, (2, 0), (5, (33, 25)), (5, 18), (6, 19), (5, 36), (2, 5), (1, 6), (3, 7, 0), (2, 0), (4, 17), (7, 18), (3, 27, -1), (5, 36), (7, 13), (7, 6), (3, 15, 0), (4, 0), (5, (9, 17)), (5, 18), (3, 19, 1), (7, 20), (3, 21, -1), (5, (14, 22)), (2, 23), (1, 0), (4, 17), (2, 26), (3, 27, -1), (1, 20), (7, 29), (1, 38), (6, 15), (3, 0, 1), (3, 25, 0), (7, 26), (1, 35), (2, 28), (6, 5), (2, 6), (6, 23), (5, (24, 16))]" \
--test_set_path /home/piotr/repos/magisterka/data/dataset_100CVRP_seed_2323.pt  --run_name SCORE-EVO6-CVRP100




TRANSFOMER TRAIN


python3 src/run.py --mode genome_evaluation --x_dim 24 --y_dim 5 --n_epochs 100 --epoch_size 1280000 \
--genome "[None, (1, 0), (1, 1), (1, 2), (1, 3), (1, 4), (1, 5), (1, 6), (1, 7), (1, 8), (1, 9), (1, 10), (1, 11), (1, 12), (1, 13), (1, 14), (1, 15), (1, 16), (1, 17), (1, 18), (1, 19), (1, 20), (1, 21), (1, 22), (1, 23), (1, 0), (1, 25), (1, 26), (1, 51), (1, 28), (1, 29), (1, 30), (1, 31), (1, 56), (1, 33), (1, 34), (1, 59), (1, 36), (1, 37), (1, 38), (1, 39), (1, 64), (1, 41), (1, 42), (1, 67), (1, 44), (1, 45), (1, 46), (1, 47), (4, 0), (5, (25, 49)), (2, 50), (3, 51, 1), (7, 52), (3, 53, -1), (5, (30, 54)), (2, 55), (4, 56), (5, (33, 57)), (2, 58), (3, 59, 1), (7, 60), (3, 61, -1), (5, (38, 62)), (2, 63), (4, 64), (5, (41, 65)), (2, 66), (3, 67, 1), (7, 68), (3, 69, -1), (5, (46, 70)), (2, 71), (1, 0), (1, 73), (1, 74), (1, 75), (1, 76), (1, 77), (1, 78), (1, 79), (1, 80), (1, 81), (1, 82), (1, 83), (1, 84), (1, 85), (1, 86), (1, 87), (1, 88), (1, 89), (1, 90), (1, 91), (1, 92), (1, 93), (1, 94), (1, 95), (1, 0), (1, 97), (1, 98), (1, 99), (1, 100), (1, 101), (1, 102), (1, 103), (1, 104), (1, 105), (1, 106), (1, 107), (1, 108), (1, 109), (1, 110), (1, 111), (1, 112), (1, 113), (1, 114), (1, 115), (1, 116), (1, 117), (1, 118), (1, 119), (5, 72)]" \
--validation_set_path data/dataset_100CVRP_seed_3232.pt --graph_size 50 --run_name TRANS3_CVRP50


python3 src/run.py --mode scoring --x_dim 24 --y_dim 5 \
--checkpoint_path /home/piotr/outpusNEW/EXP2_TRANS1_RESULTS/run_20260903T215930_TRANS3_CVRP50/epoch-99.pt \
--genome "[None, (1, 0), (1, 1), (1, 2), (1, 3), (1, 4), (1, 5), (1, 6), (1, 7), (1, 8), (1, 9), (1, 10), (1, 11), (1, 12), (1, 13), (1, 14), (1, 15), (1, 16), (1, 17), (1, 18), (1, 19), (1, 20), (1, 21), (1, 22), (1, 23), (1, 0), (1, 25), (1, 26), (1, 51), (1, 28), (1, 29), (1, 30), (1, 31), (1, 56), (1, 33), (1, 34), (1, 59), (1, 36), (1, 37), (1, 38), (1, 39), (1, 64), (1, 41), (1, 42), (1, 67), (1, 44), (1, 45), (1, 46), (1, 47), (4, 0), (5, (25, 49)), (2, 50), (3, 51, 1), (7, 52), (3, 53, -1), (5, (30, 54)), (2, 55), (4, 56), (5, (33, 57)), (2, 58), (3, 59, 1), (7, 60), (3, 61, -1), (5, (38, 62)), (2, 63), (4, 64), (5, (41, 65)), (2, 66), (3, 67, 1), (7, 68), (3, 69, -1), (5, (46, 70)), (2, 71), (1, 0), (1, 73), (1, 74), (1, 75), (1, 76), (1, 77), (1, 78), (1, 79), (1, 80), (1, 81), (1, 82), (1, 83), (1, 84), (1, 85), (1, 86), (1, 87), (1, 88), (1, 89), (1, 90), (1, 91), (1, 92), (1, 93), (1, 94), (1, 95), (1, 0), (1, 97), (1, 98), (1, 99), (1, 100), (1, 101), (1, 102), (1, 103), (1, 104), (1, 105), (1, 106), (1, 107), (1, 108), (1, 109), (1, 110), (1, 111), (1, 112), (1, 113), (1, 114), (1, 115), (1, 116), (1, 117), (1, 118), (1, 119), (5, 72)]" \
--test_set_path /home/piotr/repos/attention-learn-to-route/data/vrp/vrp50_test_seed1234.pkl --graph_size 50 --run_name SCORE_TRANS3_CVRP50


python3 src/run.py --mode scoring --x_dim 24 --y_dim 5 \
--checkpoint_path /home/piotr/outpusNEW/EXP2_TRANS1_RESULTS/run_20260904T081623_TRANS3_CVRP20/epoch-99.pt \
--genome "[None, (1, 0), (1, 1), (1, 2), (1, 3), (1, 4), (1, 5), (1, 6), (1, 7), (1, 8), (1, 9), (1, 10), (1, 11), (1, 12), (1, 13), (1, 14), (1, 15), (1, 16), (1, 17), (1, 18), (1, 19), (1, 20), (1, 21), (1, 22), (1, 23), (1, 0), (1, 25), (1, 26), (1, 51), (1, 28), (1, 29), (1, 30), (1, 31), (1, 56), (1, 33), (1, 34), (1, 59), (1, 36), (1, 37), (1, 38), (1, 39), (1, 64), (1, 41), (1, 42), (1, 67), (1, 44), (1, 45), (1, 46), (1, 47), (4, 0), (5, (25, 49)), (2, 50), (3, 51, 1), (7, 52), (3, 53, -1), (5, (30, 54)), (2, 55), (4, 56), (5, (33, 57)), (2, 58), (3, 59, 1), (7, 60), (3, 61, -1), (5, (38, 62)), (2, 63), (4, 64), (5, (41, 65)), (2, 66), (3, 67, 1), (7, 68), (3, 69, -1), (5, (46, 70)), (2, 71), (1, 0), (1, 73), (1, 74), (1, 75), (1, 76), (1, 77), (1, 78), (1, 79), (1, 80), (1, 81), (1, 82), (1, 83), (1, 84), (1, 85), (1, 86), (1, 87), (1, 88), (1, 89), (1, 90), (1, 91), (1, 92), (1, 93), (1, 94), (1, 95), (1, 0), (1, 97), (1, 98), (1, 99), (1, 100), (1, 101), (1, 102), (1, 103), (1, 104), (1, 105), (1, 106), (1, 107), (1, 108), (1, 109), (1, 110), (1, 111), (1, 112), (1, 113), (1, 114), (1, 115), (1, 116), (1, 117), (1, 118), (1, 119), (5, 72)]" \
--test_set_path /home/piotr/repos/attention-learn-to-route/data/vrp/vrp20_test_seed1234.pkl  --run_name SCORE_TRANS3_CVRP20

python3 src/run.py --mode scoring --x_dim 24 --y_dim 5 \
--checkpoint_path /home/piotr/outpusNEW/EXP2_TRANS1_RESULTS/run_20260903T152908_TRANS3_CVRP100/epoch-99.pt \
--genome "[None, (1, 0), (1, 1), (1, 2), (1, 3), (1, 4), (1, 5), (1, 6), (1, 7), (1, 8), (1, 9), (1, 10), (1, 11), (1, 12), (1, 13), (1, 14), (1, 15), (1, 16), (1, 17), (1, 18), (1, 19), (1, 20), (1, 21), (1, 22), (1, 23), (1, 0), (1, 25), (1, 26), (1, 51), (1, 28), (1, 29), (1, 30), (1, 31), (1, 56), (1, 33), (1, 34), (1, 59), (1, 36), (1, 37), (1, 38), (1, 39), (1, 64), (1, 41), (1, 42), (1, 67), (1, 44), (1, 45), (1, 46), (1, 47), (4, 0), (5, (25, 49)), (2, 50), (3, 51, 1), (7, 52), (3, 53, -1), (5, (30, 54)), (2, 55), (4, 56), (5, (33, 57)), (2, 58), (3, 59, 1), (7, 60), (3, 61, -1), (5, (38, 62)), (2, 63), (4, 64), (5, (41, 65)), (2, 66), (3, 67, 1), (7, 68), (3, 69, -1), (5, (46, 70)), (2, 71), (1, 0), (1, 73), (1, 74), (1, 75), (1, 76), (1, 77), (1, 78), (1, 79), (1, 80), (1, 81), (1, 82), (1, 83), (1, 84), (1, 85), (1, 86), (1, 87), (1, 88), (1, 89), (1, 90), (1, 91), (1, 92), (1, 93), (1, 94), (1, 95), (1, 0), (1, 97), (1, 98), (1, 99), (1, 100), (1, 101), (1, 102), (1, 103), (1, 104), (1, 105), (1, 106), (1, 107), (1, 108), (1, 109), (1, 110), (1, 111), (1, 112), (1, 113), (1, 114), (1, 115), (1, 116), (1, 117), (1, 118), (1, 119), (5, 72)]" \
--test_set_path /home/piotr/repos/attention-learn-to-route/data/vrp/vrp100_test_seed1234.pkl  --run_name SCORE_TRANS3_CVRP100
