pip install torch numpy tqdm scipy pandas graphviz
apt install graphviz


git clone https://github.com/laminowany/CGP_for_VRP.git
chmod 777 ./run_eval.sh

 python run.py
    --problem cvrp \
    --graph_size 10 \
    --n_encode_layers 1 \
    --baseline rollout \
    --n_epochs 100 \
    --run_name evo1\

    python src/run.py --run_name EVO1_20 --x_dim 8 --mode genome_evaluation --genome_name EVO1 --graph_size 20

    python src/run.py --run_name TRANS_20 --x_dim 8 --mode genome_evaluation --genome_name TRANS1 --graph_size 20




    ssh -p 3138 root@80.213.200.115 -L 8080:localhost:8080 EVO1
    ssh -p 15772 root@82.225.150.130 -L 8080:localhost:8080 TRANS
    ssh -p 15762 root@82.225.150.130 -L 8080:localhost:8080 - EVO2
    ssh -p 40204 root@88.90.102.66 -L 8080:localhost:8080 - EVO10

rsync -avh --progress \
  -e "ssh -p 15772" \
  root@82.225.150.130:/workspace/CGP_for_VRP/outputs/ \
  ./TRANS1/

rsync -avh --progress \
  -e "ssh -p 3138" \
  root@80.213.200.115:/workspace/CGP_for_VRP/outputs/ \
  ./EVO1/

rsync -avh --progress \
  -e "ssh -p 15762" \
  root@82.225.150.130:/workspace/CGP_for_VRP/outputs/ \
  ./EVO2/

rsync -avh --progress \
  -e "ssh -p 40204" \
  root@88.90.102.66:/workspace/CGP_for_VRP/outputs/ \
  ./EVO10/



///////////////////////////////////////////////

python src/run.py \
    --run_name "3-layer-transformer" \
    -- val_set_path /home/piotr/repos/magisterka/data/dataset_20CVRP_seed_2323.pt \
    --graph_size 20


=== EWOLUCJA &&  RANDOM SEARCH

python3 src/run.py --mode random_search --x_dim 15 --y_dim 5 --n_epochs 10 --epoch_size 12800 \
    --validation_set_path data/dataset_10CVRP_seed_3232.pt --seed -1  --no_progress_bar --graph_size 10 --no_save_model --run_name RND

python3 src/run.py --mode cgp --x_dim 15 --y_dim 5 --n_epochs 10 --epoch_size 12800 \
    --validation_set_path data/dataset_10CVRP_seed_3232.pt --seed -1  --no_progress_bar --graph_size 10 --no_save_model --run_name CGP

python3 src/run.py --mode evolve_transformer --x_dim 8 --y_dim 5 --n_epochs 10 --epoch_size 12800 \
    --validation_set_path data/dataset_10CVRP_seed_3232.pt --seed -1  --no_progress_bar --graph_size 10 --no_save_model --run_name EVOLVE_TRANS

    

python3 src/run.py --mode genome_evaluation --x_dim 15 --y_dim 5 --n_epochs 100 --epoch_size 1280000 \
    --genome "[None, (3, 0, 0), (2, 46), (7, 32), (2, 18), (4, 4), (4, 35), (7, 51), (3, 22, 0), (3, 8, 0), (1, 69), (5, (25, 10)), (7, 26), (1, 27), (3, 73, 0), (7, 59), (6, 0), (7, 31), (3, 17, -1), (5, 18), (2, 4), (7, 50), (3, 6, 1), (5, (22, 7)), (5, 68), (6, 9), (5, 55), (2, 11), (5, 42), (6, 28), (5, (59, 14)), (7, 0), (7, 61), (7, 17), (4, 63), (2, 34), (2, 65), (2, 6), (3, 37, 0), (5, 38), (4, 69), (1, 40), (1, 56), (6, 27), (5, (73, 28)), (5, 74), (6, 0), (7, 61), (1, 17), (4, 33), (3, 64, -1), (6, 65), (6, 66), (4, 52), (7, 8), (1, 24), (5, (70, 25)), (3, 56, 1), (4, 12), (2, 43), (3, 44, -1), (6, 0), (2, 1), (7, 2), (4, 48), (6, 49), (1, 35), (6, 66), (5, 37), (7, 38), (6, 24), (4, 70), (5, (41, 26)), (7, 72), (1, 13), (6, 59), (5, (30, 15, 45))]" \
    --validation_set_path data/dataset_10CVRP_seed_3232.pt --seed -1  --graph_size 10 --run_name FULL_EVAL_RND_B1

=================================================================

  python3 src/run.py --mode genome_evaluation --x_dim 15 --y_dim 5 --n_epochs 100 --epoch_size 1280000 \                                                +
    --genome "[None, (3, 0, 0), (2, 46), (7, 32), (2, 18), (4, 4), (4, 35), (7, 51), (3, 22, 0), (3, 8, 0), (1, 69), (5, (25, 10)), (7, 26), (1, 27), (3, 73, 0), (7, 59), (6, 0), (7, 31), (3, 17, -1), (5, 18), (2, 4), (7, 50), (3, 6, 1), (5, (22, 7)), (5, 68), (6, 9), (5, 55), (2, 11), (5, 42), (6, 28), (5, (59, 14)), (7, 0), (7, 61), (7, 17), (4, 63), (2, 34), (2, 65), (2, 6), (3, 37, 0), (5, 38), (4, 69), (1, 40), (1, 56), (6, 27), (5, (73, 28)), (5, 74), (6, 0), (7, 61), (1, 17), (4, 33), (3, 64, -1), (6, 65), (6, 66), (4, 52), (7, 8), (1, 24), (5, (70, 25)), (3, 56, 1), (4, 12), (2, 43), (3, 44, -1), (6, 0), (2, 1), (7, 2), (4, 48), (6, 49), (1, 35), (6, 66), (5, 37), (7, 38), (6, 24), (4, 70), (5, (41, 26)), (7, 72), (1, 13), (6, 59), (5, (30, 15, 45))]" \
    --validation_set_path data/dataset_10CVRP_seed_3232.pt --graph_size 10 --run_name FULL_EVAL_RND2_CVRP10

    
  python3 src/run.py --mode genome_evaluation --x_dim 15 --y_dim 5 --n_epochs 100 --epoch_size 1280000 \                                                +
    --genome "[None, (7, 0), (5, 31), (2, 2), (2, 63), (2, 34), (1, 50), (1, 51), (1, 37), (7, 23), (6, 54), (6, 70), (1, 41), (2, 42), (6, 43), (4, 74), (4, 0), (2, 61), (7, 62), (3, 3, 0), (7, 49), (3, 50, -1), (1, 36), (5, 22), (4, 68), (1, 9), (6, 40), (5, (56, 41)), (6, 42), (1, 13), (2, 74), (2, 0), (6, 1), (4, 32), (6, 48), (5, (4, 64)), (1, 20), (6, 66), (5, (67, 7)), (1, 68), (5, (39, 24)), (6, 40), (6, 56), (5, 42), (2, 13), (3, 14, 1), (2, 0), (6, 31), (1, 62), (6, 63), (5, (34, 19, 4)), (5, (5, 50, 65)), (7, 36), (3, 52, -1), (5, (8, 23)), (4, 24), (5, (40, 70, 10)), (6, 41), (7, 57), (6, 73), (1, 74), (2, 0), (4, 61), (6, 32), (7, 48), (6, 64), (3, 5, 1), (1, 51), (4, 7), (5, 68), (6, 39), (4, 55), (7, 41), (2, 72), (5, 73), (7, 14), (5, (60, 15))]" \
    --validation_set_path data/dataset_10CVRP_seed_3232.pt --graph_size 10 --run_name FULL_EVAL_RND4_CVRP10

  
  python3 src/run.py --mode genome_evaluation --x_dim 15 --y_dim 5 --n_epochs 100 --epoch_size 1280000 \                                                +
    --genome "[None, (3, 0, 0), (2, 46), (7, 32), (2, 18), (4, 4), (4, 35), (7, 51), (3, 22, 0), (3, 8, 0), (1, 69), (5, (25, 10)), (7, 26), (1, 27), (3, 73, 0), (7, 59), (6, 0), (7, 31), (3, 17, -1), (5, 18), (2, 4), (7, 50), (3, 6, 1), (5, (22, 7)), (5, 68), (6, 9), (5, 55), (2, 11), (5, 42), (6, 28), (5, (59, 14)), (7, 0), (7, 61), (7, 17), (4, 63), (2, 34), (2, 65), (2, 6), (3, 37, 0), (5, 38), (4, 69), (1, 40), (1, 56), (6, 27), (5, (73, 28)), (5, 74), (6, 0), (7, 61), (1, 17), (4, 33), (3, 64, -1), (6, 65), (6, 66), (4, 52), (7, 8), (1, 24), (5, (70, 25)), (3, 56, 1), (4, 12), (2, 43), (3, 44, -1), (6, 0), (2, 1), (7, 2), (4, 48), (6, 49), (1, 35), (6, 66), (5, 37), (7, 38), (6, 24), (4, 70), (5, (41, 26)), (7, 72), (1, 13), (6, 59), (5, (30, 15, 45))]" \
    --validation_set_path data/dataset_10CVRP_seed_3232.pt --graph_size 10 --run_name FULL_EVAL_RND6_CVRP10



=====
CALCULATE SCORE

CGP-5
python3 src/run.py --mode evaluate  --x_dim 15 --y_dim 5 \
--checkpoint_path /home/piotr/outpusNEW/EXP1_CVRP10/run_20260825T183307_FULL_EVAL_CGP5_CVRP10/epoch-99.pt \
--genome "[None, (6, 0), (2, 31), (6, 17), (3, 3, 1), (4, 49), (1, 35), (6, 36), (6, 22), (2, 53), (7, 54), (7, 25), (3, 26, 0), (2, 42), (4, 43), (2, 29), (6, 0), (5, (16, 46, 1, 61)), (3, 2, 0), (4, 48), (3, 19, 1), (3, 5, -1), (2, 6), (2, 67), (5, (68, 38)), (5, (39, 24, 69)), (2, 25), (3, 41, -1), (5, 72), (1, 73), (2, 59), (5, 0), (2, 16), (5, 62), (1, 63), (7, 4), (5, 20), (1, 51), (3, 22, -1), (6, 68), (6, 39), (5, 70), (1, 56), (1, 27), (6, 58), (7, 44), (1, 0), (7, 16), (7, 47), (6, 33), (2, 19), (2, 35), (7, 6), (6, 67), (5, 23), (5, 54), (4, 10), (1, 41), (3, 27, 1), (5, 28), (4, 14), (4, 0), (6, 16), (5, (17, 2)), (2, 33), (5, 4), (6, 5), (2, 21), (5, 67), (5, 8), (7, 69), (7, 40), (7, 71), (7, 57), (7, 73), (7, 29), (5, (60, 15))]" \
--test_set_path /home/piotr/repos/magisterka/data/dataset_10CVRP_seed_2323.pt 

CGP-8
python3 src/run.py --mode evaluate  --x_dim 15 --y_dim 5 \
--checkpoint_path /home/piotr/outpusNEW/EXP1_CVRP10/run_20260826T014718_FULL_EVAL_CGP8_CVRP10/epoch-99.pt \
--genome "[None, (7, 0), (6, 61), (7, 47), (6, 18), (5, 19), (5, (50, 65)), (4, 66), (1, 7), (6, 68), (5, (69, 54)), (5, 25), (6, 26), (5, 27), (1, 13), (7, 29), (5, 0), (2, 61), (5, 32), (7, 3), (2, 34), (4, 65), (1, 6), (1, 22), (2, 38), (5, 54), (5, (10, 55, 40)), (6, 41), (7, 57), (2, 28), (4, 74), (3, 0, -1), (6, 31), (1, 17), (2, 33), (6, 19), (7, 35), (2, 66), (7, 52), (7, 53), (6, 24), (3, 25, -1), (6, 56), (1, 42), (6, 28), (5, (74, 14)), (5, 0), (7, 46), (6, 2), (3, 33, 0), (7, 49), (6, 5), (7, 36), (1, 22), (6, 68), (4, 9), (3, 10, 0), (3, 26, 0), (4, 12), (4, 73), (4, 74), (2, 0), (7, 31), (6, 17), (3, 48, -1), (4, 19), (1, 50), (4, 21), (3, 37, 1), (3, 8, 1), (4, 9), (7, 10), (4, 41), (6, 72), (2, 43), (2, 59), (5, 45)]" \
--test_set_path /home/piotr/repos/magisterka/data/dataset_10CVRP_seed_2323.pt 

CGP-7
python3 src/run.py --mode evaluate  --x_dim 15 --y_dim 5 \
--checkpoint_path /home/piotr/outpusNEW/EXP1_CVRP10/run_20260825T221244_FULL_EVAL_CGP7_CVRP10/epoch-99.pt \
--genome "[None, (4, 0), (1, 61), (5, 17), (6, 33), (2, 34), (7, 5), (4, 21), (1, 7), (4, 38), (7, 9), (7, 55), (1, 71), (2, 72), (5, 58), (3, 74, -1), (1, 0), (3, 31, -1), (4, 2), (5, (48, 18, 63)), (7, 4), (4, 65), (5, 36), (3, 22, 1), (7, 53), (2, 9), (4, 40), (5, 56), (4, 27), (6, 13), (2, 14), (2, 0), (4, 16), (5, 62), (7, 48), (6, 64), (6, 65), (7, 51), (7, 37), (4, 38), (7, 39), (2, 10), (2, 56), (3, 57, 1), (4, 58), (3, 44, -1), (2, 0), (5, (31, 1)), (5, 32), (2, 48), (7, 34), (7, 50), (4, 36), (1, 37), (4, 23), (3, 69, 0), (7, 55), (3, 56, 1), (7, 72), (5, 28), (6, 14), (3, 0, 1), (5, 1), (5, 47), (6, 63), (5, 64), (5, 5), (1, 51), (5, 22), (6, 68), (2, 24), (4, 10), (7, 11), (4, 12), (5, 28), (7, 74), (5, (15, 30))]" \
--test_set_path /home/piotr/repos/magisterka/data/dataset_10CVRP_seed_2323.pt 

RND-6 
python3 src/run.py --mode evaluate  --x_dim 15 --y_dim 5 \
--checkpoint_path /home/piotr/outpusNEW/EXP1_CVRP10/run_20260825T162939_FULL_EVAL_RND6_CVRP10/epoch-99.pt \
--genome "[None, (3, 0, -1), (2, 46), (2, 62), (4, 48), (7, 34), (5, 5), (5, 66), (5, (22, 67)), (3, 38, -1), (1, 54), (2, 70), (2, 11), (2, 57), (3, 58, 0), (6, 59), (6, 0), (2, 31), (6, 17), (1, 3), (7, 49), (6, 5), (7, 36), (2, 67), (7, 38), (7, 39), (5, (10, 55, 40)), (4, 11), (6, 27), (5, 73), (6, 44), (7, 0), (2, 16), (2, 17), (3, 3, -1), (7, 64), (5, (5, 65)), (5, 36), (6, 37), (6, 53), (5, (9, 69)), (3, 10, -1), (3, 71, 1), (2, 57), (5, 73), (4, 59), (7, 0), (1, 46), (5, (2, 47)), (4, 33), (5, (64, 49)), (1, 20), (1, 66), (6, 22), (4, 23), (2, 24), (3, 25, 1), (1, 71), (5, 27), (6, 28), (4, 14), (2, 0), (2, 1), (3, 17, 0), (2, 3), (7, 49), (3, 5, 0), (2, 6), (6, 7), (3, 8, 0), (3, 54, -1), (5, (10, 40)), (3, 41, 0), (2, 72), (5, 43), (5, 14), (5, (30, 45))]" \
--test_set_path /home/piotr/repos/magisterka/data/dataset_10CVRP_seed_2323.pt 

RND-4
python3 src/run.py --mode evaluate  --x_dim 15 --y_dim 5 \
--checkpoint_path /home/piotr/outpusNEW/EXP1_CVRP10/run_20260825T124528_FULL_EVAL_RND4_CVRP10/epoch-99.pt \
--genome "[None, (7, 0), (5, 31), (2, 2), (2, 63), (2, 34), (1, 50), (1, 51), (1, 37), (7, 23), (6, 54), (6, 70), (1, 41), (2, 42), (6, 43), (4, 74), (4, 0), (2, 61), (7, 62), (3, 3, 0), (7, 49), (3, 50, -1), (1, 36), (5, 22), (4, 68), (1, 9), (6, 40), (5, (56, 41)), (6, 42), (1, 13), (2, 74), (2, 0), (6, 1), (4, 32), (6, 48), (5, (4, 64)), (1, 20), (6, 66), (5, (67, 7)), (1, 68), (5, (39, 24)), (6, 40), (6, 56), (5, 42), (2, 13), (3, 14, 1), (2, 0), (6, 31), (1, 62), (6, 63), (5, (34, 19, 4)), (5, (5, 50, 65)), (7, 36), (3, 52, -1), (5, (8, 23)), (4, 24), (5, (40, 70, 10)), (6, 41), (7, 57), (6, 73), (1, 74), (2, 0), (4, 61), (6, 32), (7, 48), (6, 64), (3, 5, 1), (1, 51), (4, 7), (5, 68), (6, 39), (4, 55), (7, 41), (2, 72), (5, 73), (7, 14), (5, (60, 15))]" \
--test_set_path /home/piotr/repos/magisterka/data/dataset_10CVRP_seed_2323.pt  --run_name SCORE-RND4-CVRP10

RND-2 
python3 src/run.py --mode evaluate  --x_dim 8 --y_dim 5 \
--checkpoint_path /home/piotr/outpusNEW/EXP2_RESULTS/run_20260827T200129_EXP2_CGP3_CVRP100/epoch-99.pt \
--genome "[None, (5, 0), (1, 17), (7, 18), (5, 27), (7, 20), (1, 21), (5, 22), (7, 7), (4, 0), (3, 33, 1), (4, 2), (6, 19), (1, 4), (7, 5), (2, 38), (6, 15), (2, 0), (5, (1, 9)), (5, 26), (3, 3, 1), (1, 12), (3, 5, -1), (4, 30), (2, 7), (7, 0), (6, 25), (3, 34, -1), (2, 35), (1, 28), (2, 21), (7, 38), (7, 23), (2, 0), (7, 25), (1, 34), (5, 3), (4, 28), (4, 13), (2, 30), (7, 23), (5, 24)]" \
--test_set_path /home/piotr/repos/magisterka/data/dataset_100CVRP_seed_2323.pt  --run_name SCORE-CGP3B-100